T: 1000000000000 # tera
G: 1000000000    # giga
M: 1000000       # mega
k: 1000          # kilo
h: 100           # hect
da: 10           # deca
d: 0.1           # deci
c: 0.01          # centi
m: 0.001         # milli
μ: 0.000001      # micro
n: 0.000000001   # nano
